notes_map = containers.Map({...
    174.61,184.99,196,207.65,220,233.08,246.94, ...
    261.63,277.18,293.66,311.13,329.63,349.23,369.99,392,415.30,440,466.16,493.88 ...
    523.25, 554.36, 587.33,622.25,659.25 ...
    },{'F3', 'bG3','G3','bA3','A3','bB3','B3' ...
    'C4','bD4','D4','bE4','E4','F4','bG4','G4','bA4','A4','bB4','B4', ...
    'C5','bD5','D5','bE5','E5'});
notes_list =  [174.61,184.99,196,207.65,220,233.08,246.94, ...
    261.63,277.18,293.66,311.13,329.63,349.23,369.99,392,415.30,440,466.16,493.88 ...
    523.25, 554.36, 587.33,622.25,659.25];